5817531
505001217
507631086
511193459
520556385
544919127
551935451
554993142
564772809
567278625
572102924
572171136
575979885
589236336
590651024
591419319
592958344
597324915
603549226
603716019
623844406
626229190
628783466
630011129
640367065
649021472
650606943
659499600
659780554
669584808
677317169
678699723
680659726
692951915
694285876
695477887
698112573
699749567
701600541
702751883
706512911
708010934
718708497
720956002
733285873
734901842
741463054
751502974
752049186
755749967
757802689
778033165
780892602
781138749
791333064
800226939
862830703
1003742112
1007709317
1008799945
1008807096
1019064693
1024121348
1031049658
1031734142
1036670655
1041832045
1048221446
1048418350
1052252922
1054171618
1060995620
1062507746
1063863945
1072707489
1075098284
1075460773
1095862165
1099060807
1101030535
1105261710
1120025226
1120816688
1124714014
1139756507
1147422517
1148213848
1150567451
1164788058
1168655714
1169335461
1176475320
1182370220
1187093618
1190114289
1195812221
1204836539
1206710771
1210125203
1216442611
1232072827
1235104048
1246760058
1248077592
1249174445
1253203453
1256518516
1264640018
1265922058
1267055942
1267867050
1283700881
1284028491
1285548134
1286083141
1286239002
1288324756
1288360510
1299135787
1306021650
1311855495
1314048809
1318986142
1321023144
1330866241
1331116607
1333568317
1337746570
1340266499
1346911280
1347703224
1352832816
1353053028
1355864057
1357590223
1368124899
1373347961
1375975315
1377861809
1379492769
1379547150
1386517877
1386767517
1387804640
1389007392
1393294075
1396771412
1405480620
1407863490
1413994569
1418284189
1422401843
1428844694
1430711411
1432035836
1435015804
1437736755
1438698037
1439750394
1443267284
1449108101
1453744823
1454082922
1456540389
1457172777
1458385607
1460318747
1461082972
1462203855
1462770121
1463362965
1463894316
1465267665
1472505912
1473023750
1474636824
1475837888
1476666278
1477755458
1478113265
1479025876
1479333770
1481304268
1483467709
1486168156
1487077810
1488096153
1489906719
1493432158
1500995833
1504298546
1504360075
1508824441
1511243235
1512397688
1514870936
1516178922
1517133420
1518778121
1520038290
1526265547
1527332539
1529169343
1529441651
1536653620
1540549221
1540561041
1540724040
1542361940
1544416648
1546522808
1547402711
1547469370
1548840395
1550065701
1550237997
1552176403
1554340672
1554693303
1555206885
1556083802
1556264029
1557010565
1557106720
1557184819
1557964253
1558083017
1558260213
1559337535
1560710573
1561775570
1564129646
1565629094
1569281950
1569581584
1569649317
1575157543
1575183624
1575434372
1576926807
1577119215
1577440545
1577885232
1578647222
1579172220
1581378866
1582975737
1583767010
1584002040
1584069102
1586461351
1590354310
1592342186
1593965528
1594294965
1596171400
1601822613
1609786183
1610604028
1613140675
1613226624
1613247180
1613591485
1620195574
1622738773
1626905945
1627000464
1628266188
1628360351
1629302317
1633788209
1636804832
1643448655
1644555731
1645624410
1651050691
1658362786
1659609863
1663040691
1668540992
1668550495
1692139995
1701079324
1724659168
1743955523
1745385892
1745483871
1747910245
1750330291
1768059667
1784412457
1795054285
1802162943
1825677330
1834016443
1849575570
100000006026395
100000019521492
100000019652923
100000029835920
100000048381511
100000121438746
100000175295512
100000179415374
100000180979866
100000192180901
100000213743892
100000263684799
100000268942092
100000274192255
100000375983558
100000437562594
100000452481169
100000460797181
100000465069858
100000470980823
100000483689096
100000487715596
100000494169403
100000506081060
100000508970432
100000509863756
100000571423613
100000592057475
100000599363299
100000614600550
100000642204643
100000642576173
100000664030510
100000683008839
100000693867804
100000698149607
100000716496024
100000740247424
100000743270013
100000829985107
100000835554129
100000883181295
100000914628671
100000944327188
100000949851672
100000968232202
100000988246699
100001005424972
100001032716895
100001074596054
100001079463242
100001103491934
100001263757955
100001280413385
100001291308549
100001368420968
100001428024486
100001439659930
100001459904408
100001479467440
100001573443229
100001591300159
100001623657750
100001638152391
100001652030919
100001677596972
100001693022196
100001798566146
100001822266982
100001871897493
100001892187077
100001952146734
100001986141635
100002081767299
100002201148895
100002269884346
100002291200916
100002294510758
100002358934814
100002361611588
100002451954229
100002630417624
100002744942683
100002748805974
100002768706225
100002815756523
100002888949752
100002909319260
100002956984769
100002967732289
100003043750618
100003113135151
100003142745920
100003220899437
100003228732920
100003320849218
100003327577989
100003332784039
100003463030895
100003532354877
100003639653463
100003676567468
100003730505905
100003784913934
100003825277168
100003829702779
100004066161920
100004283822939
100004302276046
100004426682363
100004427701083
100004467066436
100004482155086
100004490670042
100004559771088
100004967584302
100006680409617
100007032030521
100007603953907
100008029844848
100008302000551
