524133439
527819669
530067671
557128721
582474908
583166096
591066635
612290978
658812187
694901092
696566046
696640238
702751883
721963544
724134574
728072897
728595240
743981135
749115007
756000353
783183538
826044892
836460098
846465157
857870216
1004935060
1005118567
1005956539
1007366497
1041832045
1042479303
1046412973
1057722656
1066385336
1067045945
1071717820
1083157768
1088611990
1093476514
1100185347
1104573922
1106277515
1113008618
1113845465
1117264210
1118180932
1118894828
1136335215
1141492458
1148657118
1155548211
1171084425
1171550006
1173553249
1174051577
1179442110
1188138976
1188340623
1196251864
1199375915
1200945592
1204462177
1206641154
1208772568
1214016345
1227205497
1232497102
1237698121
1238341102
1248472215
1248739337
1255893195
1267000167
1269702655
1270788874
1275100881
1278081110
1283086750
1291490310
1292383337
1300687835
1304427360
1307605173
1312338491
1312489640
1314252582
1314991179
1315095902
1316418713
1316585922
1318986142
1319893155
1321006971
1321427342
1322245489
1322567512
1322752400
1323022101
1325397107
1330674214
1333537816
1339844480
1343385932
1346374923
1346610234
1347394951
1348210740
1349715998
1350376040
1355910198
1357226618
1358866117
1360845970
1367522837
1371600181
1372426235
1372553584
1372993246
1379547150
1382940215
1386607695
1387275915
1395076949
1395584807
1395866229
1399809388
1400672499
1403379475
1404438645
1405394946
1405505637
1405628464
1406049374
1406223032
1406298171
1406605630
1409975532
1410408838
1410574649
1413214724
1414015358
1416037170
1417832498
1418319147
1419033932
1420904692
1421314380
1422321259
1422783769
1424043759
1430058700
1430101229
1431459465
1431933780
1432951230
1435351270
1435817041
1437271237
1439581336
1442957241
1443143095
1443691275
1445139820
1448947539
1450910954
1451317500
1452606271
1453207705
1453333104
1453690400
1453925758
1456021024
1456897745
1456957538
1457268548
1457962386
1458907658
1460407817
1460587614
1462327513
1464051887
1465627238
1472517839
1472590181
1478907838
1479985818
1481372280
1483872054
1484621986
1487528662
1490507254
1492783313
1493467782
1496555897
1497888596
1498778015
1500413292
1504052236
1504842584
1505636551
1511817815
1512206728
1513712213
1514424615
1514998534
1516597014
1517805388
1518563077
1518856734
1519610685
1520373374
1520794339
1520966760
1522952981
1524745115
1525925756
1528516905
1529169343
1529441651
1530713954
1533184302
1534363306
1534548255
1534570193
1539877955
1542010332
1543357821
1543431411
1543510768
1543793920
1543971304
1545109169
1545109598
1545138927
1545241700
1545418158
1546237548
1546338802
1546641330
1546990918
1547807019
1548845596
1551272486
1551462476
1553412740
1554141282
1554939559
1555227824
1556388727
1556465808
1556656583
1556896252
1557184819
1557207829
1558104223
1559405138
1559431910
1560232411
1560678514
1562282252
1564371107
1564464666
1567796499
1569099367
1571191166
1571281000
1573134620
1573950711
1574136118
1574252858
1574303983
1576510391
1576938359
1577017086
1577034609
1577335953
1577643952
1579517671
1581010476
1581690964
1582131125
1583560479
1583707019
1586928763
1586943674
1587159085
1587195787
1587458080
1587660172
1588217884
1588224844
1590100807
1590270761
1590390261
1591720291
1592011576
1592074147
1593123297
1593275325
1593875240
1594806950
1595670309
1605428970
1606293942
1606773915
1607525922
1607623724
1608794780
1609426436
1609592441
1611783901
1611871507
1612149072
1612323715
1612714052
1614023905
1615204206
1617303894
1617453873
1618634908
1619143827
1619765121
1619917017
1620337739
1621113672
1621284562
1622179411
1622184006
1623123909
1624224068
1624573178
1625096857
1627847566
1628169567
1628430147
1629011494
1629245194
1631041540
1631114986
1631290215
1632563356
1632668098
1633281470
1634843525
1635840949
1636261525
1637018234
1638926022
1641625493
1641790954
1643021175
1643191014
1643385923
1644823656
1646285749
1646971562
1647603823
1653476064
1656220430
1657299667
1658793965
1659272522
1660180503
1660224687
1660351860
1661050379
1661223679
1661508375
1662189648
1662933847
1663240297
1663652602
1664873988
1665351984
1666489252
1667685461
1667799541
1671231173
1677922265
1685391456
1696641624
1705357931
1706897868
1720047449
1728866945
1743488113
1743861702
1757340650
1786846845
1802240697
1803321538
1815923470
1820839718
1824917804
1833353947
1841753687
1850416882
100000001308359
100000013067820
100000019942150
100000033755972
100000037086622
100000044412672
100000048381511
100000061007420
100000073686933
100000084843965
100000102082809
100000106368222
100000111004782
100000125365950
100000132880667
100000134060102
100000150670444
100000168003534
100000182059044
100000186212875
100000187311208
100000190686729
100000208241470
100000211491608
100000306936955
100000331857839
100000407643027
100000432490257
100000474066371
100000485328134
100000486798410
100000522471524
100000559813411
100000561090887
100000562737815
100000588743775
100000601705358
100000605141865
100000607784881
100000616624433
100000619800626
100000626474587
100000632445119
100000645962872
100000662410925
100000665686693
100000679734777
100000700684651
100000717198614
100000730254921
100000743012162
100000748638781
100000782164906
100000814056074
100000828852292
100000842954352
100000845301042
100000857553967
100000879451517
100000885930082
100000898560302
100000911499119
100000911731368
100000932959386
100000936186367
100000945990263
100000990036656
100001038812272
100001042532304
100001051968367
100001081239216
100001095034570
100001108094120
100001173194889
100001196426197
100001201241803
100001252446857
100001261650512
100001264255295
100001293963741
100001315026754
100001326033516
100001333257508
100001340664900
100001368447331
100001382311993
100001393532329
100001444323235
100001453736745
100001497686849
100001500260505
100001531545663
100001556747282
100001591010367
100001601827442
100001608695615
100001679142951
100001786411651
100001810881920
100001914793470
100001921533504
100002005845768
100002081767299
100002087379361
100002132471108
100002153231180
100002164976255
100002176077159
100002245263394
100002256354590
100002269884346
100002291200916
100002330646017
100002342106023
100002443352544
100002472833724
100002507329936
100002615401257
100002637138998
100002638503274
100002754769316
100002896403305
100002935132888
100002987156569
100003000659041
100003038208768
100003040350513
100003096172201
100003108009052
100003171424417
100003203797219
100003331124813
100003340563938
100003369549239
100003628659721
100003676373440
100003687522575
100003698057364
100003764870853
100004058231592
100004092665798
100004420205530
100004490670042
100004730286418
100004739160780
100004762922596
100004791943414
100005146204165
100005536891282
100005574160180
100005835433532
100005922635563
100006081852518
100006296888762
100006425501595
100006511638239
100007032030521
100007753864213
100007931106275
575979885
589236336
590651024
591419319
592958344
597324915
603549226
603716019
623844406
626229190
628783466
630011129
640367065
649021472
650606943
659499600
659780554
669584808
677317169
678699723
680659726
692951915
694285876
695477887
698112573
699749567
701600541
862830703
1003742112
1007709317
1008799945
1008807096
1019064693
1024121348
1031049658
1031734142
1036670655
100004283822939
100004302276046
100004426682363
100004427701083
100004467066436
100004482155086
100008302000551
702751883
706512911
708010934
718708497
720956002
733285873
734901842
741463054
751502974
752049186
755749967
757802689
778033165
780892602
781138749
791333064
800226939
1041832045
1048221446
1048418350
1052252922
1054171618
1060995620
1062507746
1063863945
1072707489
1075098284
1075460773
1095862165
1099060807
1101030535
1105261710
1120025226
1120816688
1124714014
1139756507
1147422517
1148213848
1150567451
1164788058
1168655714
1169335461
1176475320
1182370220
1187093618
1190114289
1195812221
1204836539
1206710771
1210125203
1216442611
1232072827
1235104048
1246760058
1248077592
1249174445
1253203453
1256518516
1264640018
1265922058
1267055942
1267867050
1283700881
1284028491
1285548134
1286083141
1286239002
1288324756
1288360510
1299135787
1306021650
1311855495
1314048809
1318986142
1321023144
1330866241
1331116607
1333568317
1337746570
1340266499
1346911280
1347703224
1352832816
1353053028
1355864057
1357590223
1368124899
1373347961
1375975315
1377861809
1379492769
1379547150
1386517877
1386767517
1387804640
1389007392
1393294075
1396771412
1405480620
1407863490
1413994569
1418284189
1422401843
1428844694
1430711411
1432035836
1435015804
1437736755
1438698037
1439750394
1443267284
1449108101
1453744823
1454082922
1456540389
1457172777
1458385607
1460318747
1461082972
1462203855
1462770121
1463362965
1463894316
1465267665
1472505912
1473023750
1474636824
1475837888
1476666278
1477755458
1478113265
1479025876
1479333770
1481304268
1483467709
1486168156
1487077810
1488096153
1489906719
1493432158
1500995833
1504298546
1504360075
1508824441
1511243235
1512397688
1514870936
1516178922
1517133420
1518778121
1520038290
1526265547
1527332539
1529169343
1529441651
1536653620
1540549221
1540561041
1540724040
1542361940
1544416648
1546522808
1547402711
1547469370
1548840395
1550065701
1550237997
1552176403
1554340672
1554693303
1555206885
1556083802
1556264029
1557010565
1557106720
1557184819
1557964253
1558083017
1558260213
1559337535
1560710573
1561775570
1564129646
1565629094
1569281950
1569581584
1569649317
1575157543
1575183624
1575434372
1576926807
1577119215
1577440545
1577885232
1578647222
1579172220
1581378866
1582975737
1583767010
1584002040
1584069102
1586461351
1590354310
1592342186
1593965528
1594294965
1596171400
1601822613
1609786183
1610604028
1613140675
1613226624
1613247180
1613591485
1620195574
1622738773
1626905945
1627000464
1628266188
1628360351
1629302317
1633788209
1636804832
1643448655
1644555731
1645624410
1651050691
1658362786
1659609863
1663040691
1668540992
1668550495
1692139995
1701079324
1724659168
1743955523
1745385892
1745483871
1747910245
1750330291
1768059667
1784412457
1795054285
1802162943
1825677330
1834016443
1849575570
100000006026395
100000019521492
100000019652923
100000029835920
100000048381511
100000121438746
100000175295512
100000179415374
100000180979866
100000192180901
100000213743892
100000263684799
100000268942092
100000274192255
100000375983558
100000437562594
100000452481169
100000460797181
100000465069858
100000470980823
100000483689096
100000487715596
100000494169403
100000506081060
100000508970432
100000509863756
100000571423613
100000592057475
100000599363299
100000614600550
100000642204643
100000642576173
100000664030510
100000683008839
100000693867804
100000698149607
100000716496024
100000740247424
100000743270013
100000829985107
100000835554129
100000883181295
100000914628671
100000944327188
100000949851672
100000968232202
100000988246699
100001005424972
100001032716895
100001074596054
100001079463242
100001103491934
100001263757955
100001280413385
100001291308549
100001368420968
100001428024486
100001439659930
100001459904408
100001479467440
100001573443229
100001591300159
100001623657750
100001638152391
100001652030919
100001677596972
100001693022196
100001798566146
100001822266982
100001871897493
100001892187077
100001952146734
100001986141635
100002081767299
100002201148895
100002269884346
100002291200916
100002294510758
100002358934814
100002361611588
100002451954229
100002630417624
100002744942683
100002748805974
100002768706225
100002815756523
100002888949752
100002909319260
100002956984769
100002967732289
100003043750618
100003113135151
100003142745920
100003220899437
100003228732920
100003320849218
100003327577989
100003332784039
100003463030895
100003532354877
100003639653463
100003676567468
100003730505905
100003784913934
100003825277168
100003829702779
100004066161920
100004490670042
100004559771088
100004967584302
100006680409617
100007032030521
100007603953907
100008029844848
